17 0.365497 0.435374 0.064327 0.163265
17 0.192982 0.397959 0.070175 0.183673
17 0.296784 0.251701 0.049708 0.136054
17 0.219298 0.108844 0.052632 0.149660
17 0.358187 0.187075 0.055556 0.115646
17 0.441520 0.234694 0.052632 0.156463
17 0.441520 0.387755 0.064327 0.149660
17 0.516082 0.469388 0.061404 0.190476
17 0.559942 0.244898 0.043860 0.149660
17 0.605263 0.384354 0.040936 0.156463
17 0.672515 0.295918 0.052632 0.170068
17 0.701754 0.462585 0.070175 0.190476
17 0.707602 0.159864 0.035088 0.115646
17 0.758772 0.329932 0.049708 0.183673
17 0.777778 0.166667 0.046784 0.115646
17 0.831871 0.561224 0.049708 0.183673
17 0.890351 0.676871 0.067251 0.238095
