15 0.535556 0.604444 0.146667 0.195556
15 0.331111 0.471111 0.084444 0.106667
15 0.324444 0.697778 0.151111 0.204444
15 0.166667 0.406667 0.093333 0.155556
15 0.802222 0.675556 0.164444 0.222222
15 0.946667 0.686667 0.106667 0.244444
15 0.844444 0.355556 0.080000 0.124444
15 0.753333 0.382222 0.048889 0.080000
15 0.680000 0.397778 0.097778 0.111111
15 0.917778 0.422222 0.075556 0.097778
15 0.744444 0.277778 0.057778 0.075556
15 0.508889 0.344444 0.093333 0.111111
15 0.388889 0.328889 0.075556 0.124444
15 0.277778 0.395556 0.066667 0.115556
15 0.020000 0.582222 0.031111 0.177778
16 0.088889 0.420000 0.080000 0.120000
