16 0.520455 0.276136 0.050000 0.111364
16 0.296970 0.719318 0.096970 0.184091
16 0.455303 0.723864 0.077273 0.143182
16 0.778030 0.415909 0.043939 0.127273
16 0.737121 0.302273 0.040909 0.086364
16 0.831818 0.831818 0.093939 0.140909
16 0.953788 0.579545 0.071212 0.109091
16 0.391667 0.336364 0.046970 0.090909
16 0.293939 0.332955 0.057576 0.106818
16 0.290909 0.463636 0.054545 0.072727
16 0.061364 0.559091 0.059091 0.131818
16 0.225000 0.810227 0.053030 0.138636
16 0.762879 0.561364 0.046970 0.127273
16 0.621970 0.425000 0.074242 0.127273
16 0.206061 0.210227 0.054545 0.111364
16 0.771970 0.172727 0.040909 0.081818
16 0.645455 0.130682 0.027273 0.075000
