17 0.416016 0.484982 0.109375 0.237363
17 0.583984 0.468864 0.117188 0.246154
17 0.753906 0.498168 0.105469 0.234432
17 0.917969 0.483516 0.125000 0.293040
17 0.083008 0.152381 0.123047 0.257875
17 0.084961 0.482051 0.107422 0.249084
17 0.249023 0.502564 0.123047 0.266667
17 0.088867 0.827839 0.123047 0.290110
17 0.248047 0.813187 0.128906 0.272527
17 0.416016 0.824908 0.121094 0.272527
17 0.419922 0.149451 0.125000 0.281319
17 0.247070 0.164103 0.119141 0.281319
17 0.583008 0.139194 0.134766 0.254945
17 0.752930 0.153846 0.119141 0.284249
17 0.924805 0.142125 0.123047 0.266667
17 0.586914 0.819048 0.123047 0.254945
17 0.751953 0.810256 0.128906 0.260806
17 0.923828 0.832234 0.125000 0.281319
