15 0.469697 0.201946 0.093939 0.209246
15 0.412879 0.456204 0.089394 0.197080
15 0.092424 0.409976 0.115152 0.201946
15 0.625000 0.372263 0.089394 0.170316
15 0.711364 0.459854 0.074242 0.160584
15 0.783333 0.441606 0.090909 0.206813
15 0.827273 0.190998 0.100000 0.172749
15 0.881818 0.335766 0.096970 0.175182
15 0.953030 0.583942 0.066667 0.165450
16 0.254545 0.249392 0.075758 0.158151
16 0.343939 0.266423 0.078788 0.182482
16 0.350758 0.053528 0.080303 0.102190
16 0.646212 0.214112 0.062121 0.155718
15 0.232576 0.099757 0.071212 0.126521
