16 0.408889 0.386667 0.124444 0.168889
15 0.208889 0.448889 0.240000 0.373333
15 0.064444 0.488889 0.120000 0.400000
15 0.842222 0.675556 0.315556 0.444444
15 0.806667 0.340000 0.244444 0.253333
15 0.528889 0.240000 0.097778 0.142222
15 0.668889 0.144444 0.057778 0.093333
15 0.624444 0.031111 0.048889 0.053333
15 0.215556 0.077778 0.048889 0.066667
15 0.162222 0.126667 0.084444 0.128889
15 0.042222 0.142222 0.075556 0.142222
15 0.395556 0.157778 0.071111 0.120000
15 0.291111 0.213333 0.111111 0.133333
15 0.562222 0.151111 0.084444 0.106667
15 0.793333 0.148889 0.093333 0.128889
15 0.877778 0.164444 0.066667 0.097778
