16 0.406690 0.381356 0.059859 0.118644
16 0.612676 0.251412 0.049296 0.118644
16 0.676056 0.471751 0.056338 0.107345
16 0.480634 0.655367 0.073944 0.158192
16 0.735915 0.731638 0.070423 0.152542
16 0.866197 0.533898 0.070423 0.163842
16 0.433099 0.918079 0.091549 0.163842
16 0.471831 0.268362 0.049296 0.118644
16 0.084507 0.545198 0.077465 0.163842
16 0.906690 0.864407 0.095070 0.169492
16 0.454225 0.093220 0.035211 0.096045
16 0.181338 0.257062 0.045775 0.129944
16 0.234155 0.240113 0.038732 0.107345
16 0.670775 0.259887 0.045775 0.090395
16 0.750000 0.378531 0.049296 0.112994
16 0.447183 0.508475 0.063380 0.124294
16 0.237676 0.827684 0.088028 0.175141
16 0.850352 0.214689 0.066901 0.124294
16 0.705986 0.101695 0.052817 0.101695
16 0.559859 0.135593 0.049296 0.124294
16 0.040493 0.432203 0.059859 0.129944
