16 0.511194 0.688000 0.037313 0.160000
16 0.264925 0.508000 0.037313 0.136000
16 0.483831 0.936000 0.037313 0.128000
16 0.405473 0.928000 0.054726 0.144000
16 0.628109 0.888000 0.032338 0.144000
16 0.554726 0.920000 0.039801 0.144000
16 0.631841 0.512000 0.024876 0.144000
16 0.513682 0.400000 0.032338 0.128000
16 0.298507 0.312000 0.039801 0.160000
16 0.121891 0.300000 0.034826 0.152000
16 0.225124 0.304000 0.042289 0.160000
16 0.696517 0.892000 0.029851 0.152000
16 0.772388 0.544000 0.027363 0.144000
16 0.758706 0.900000 0.034826 0.184000
16 0.728856 0.680000 0.034826 0.160000
16 0.676617 0.496000 0.029851 0.144000
16 0.696517 0.296000 0.029851 0.144000
16 0.669154 0.148000 0.039801 0.152000
16 0.633085 0.300000 0.032338 0.136000
16 0.600746 0.144000 0.027363 0.128000
16 0.788557 0.704000 0.029851 0.096000
16 0.665423 0.692000 0.032338 0.136000
16 0.399254 0.560000 0.042289 0.192000
16 0.394279 0.328000 0.032338 0.160000
16 0.355721 0.076000 0.034826 0.120000
16 0.783582 0.176000 0.029851 0.176000
16 0.766169 0.332000 0.039801 0.152000
