15 0.116667 0.389881 0.166667 0.434524
15 0.425000 0.586310 0.163333 0.398810
15 0.461667 0.357143 0.083333 0.166667
15 0.503333 0.285714 0.053333 0.166667
15 0.686667 0.752976 0.166667 0.386905
15 0.525000 0.758929 0.076667 0.291667
15 0.816667 0.699405 0.120000 0.339286
15 0.721667 0.351190 0.070000 0.166667
15 0.651667 0.375000 0.076667 0.226190
15 0.558333 0.250000 0.050000 0.166667
15 0.596667 0.133929 0.046667 0.113095
15 0.678333 0.086310 0.050000 0.113095
15 0.578333 0.041667 0.050000 0.071429
